2 0.983333 0.256667 0.0333333 0.06
2 0.476667 0.473333 0.0333333 0.04
2 0.21 0.54 0.06 0.0933333
2 0.46 0.485 0.04 0.03
2 0.463333 0.21 0.0866667 0.0533333
2 0.488333 0.225 0.103333 0.0566667
2 0.0333333 0.966667 0.0666667 0.0666667
2 0.0633333 0.958333 0.0933333 0.0833333
2 0.946667 0.373333 0.106667 0.06
2 0.183333 0.515 0.0666667 0.0966667
2 0.455 0.495 0.0366667 0.03
2 0.516667 0.241667 0.1 0.0566667
2 0.47 0.481667 0.0333333 0.0366667
2 0.528333 0.256667 0.09 0.0466667
2 0.445 0.17 0.103333 0.113333
2 0.446667 0.508333 0.04 0.0366667
2 0.415 0.543333 0.0633333 0.0266667
2 0.44 0.518333 0.0466667 0.0366667
2 0.43 0.53 0.06 0.04
2 0.825 0.778333 0.203333 0.216667
